15
5 1 2 3 4 5
10 1 2 3 4 5 1 2 3 4 5
15 1 2 3 4 5 1 2 3 4 5 1 2 3 4 5
20 1 2 3 4 5 1 2 3 4 5 1 2 3 4 5 1 2 3 4 5
25 1 2 3 4 5 1 2 3 4 5 1 2 3 4 5 1 2 3 4 5 1 2 3 4 5
30 1 2 3 4 5 1 2 3 4 5 1 2 3 4 5 1 2 3 4 5 1 2 3 4 5 1 2 3 4 5
35 1 2 3 4 5 1 2 3 4 5 1 2 3 4 5 1 2 3 4 5 1 2 3 4 5 1 2 3 4 5 1 2 3 4 5
40 1 2 3 4 5 1 2 3 4 5 1 2 3 4 5 1 2 3 4 5 1 2 3 4 5 1 2 3 4 5 1 2 3 4 5 1 2 3 4 5
42 1 2 3 4 5 1 2 3 4 5 1 2 3 4 5 1 2 3 4 5 1 2 3 4 5 1 2 3 4 5 1 2 3 4 5 1 2 3 4 5 1 2
42 5 5 5 5 2 3 3 2 5 5 3 3 5 3 5 3 5 3 2 3 3 5 2 3 5 11 2 5 2 5 3 2 2 2 2 5 3 3 598 2 2 3
41 2 360722 2 3 2 2 5 3 5 5 3 5 3 5 3 7 5 5 3 5 5 2 5 5 3 3 3 2 31 3 2 5 5 3 3 2 1046 2 3 5 3
42 5 3 2 5 2 5 3 2 2 482810 5 5 2 2 2 2 2 2 2 3 2 142578 3 2 3 5 2 3 2 3 2 3 291605 5 2 2 5 2 2 2 2 3
33 5 3 2 3 1040 3 5 5 2 2 5 5 2 5 3 3 2 3 3 2 2 3 5 2 2 2 5 2 3 3 189117 2 5
36 5 3 3 3 2 7 5 2 3 5 3 5 5 364590 3 5 10 2 2 2 3 3 5 3 31474 2 2 2 5 3 3 3 5 3 2 5
41 369072 3 3 31499 3 3 5 3 3 3 15617 5 2 2 2 342765 3 3 5 2 5 19500 2 2 2 3 3 2 2 5 2 5 5 3 5 293683 5 5 892 5 5
