15
42 500000 500000 500000 500000 500000 500000 500000 500000 500000 500000 500000 500000 500000 500000 500000 500000 500000 500000 500000 500000 500000 500000 500000 500000 500000 500000 500000 500000 500000 500000 500000 500000 500000 500000 500000 500000 500000 500000 500000 500000 500000 500000
1 1
2 1 1
3 1 1 1
4 1 1 1 1
5 1 1 1 1 1
1 4
40 4 4 4 4 3 4 4 4 4 3 4 4 4 4 3 4 4 4 4 3 4 4 4 4 3 4 4 4 4 3 4 4 4 4 3 4 4 4 4 3
7 4 4 3 3 3 4 4
42 23156 85678 1 110 75506 72934 82004 57460 3736 25808 28106 93972 46972 87746 58224 45396 84498 4474 35812 85676 73776 1 28784 81622 38768 82232 1 67890 66670 73068 82490 92746 78964 22512 48832 1 21524 78292 53580 25920 42766 1
42 2 5 5 2 5 3 3 2 5 2 2 2 2 3 2 3 2 3 2 3 2 3 3 2 2 3 5 5 2 3 2 2 3 2 2 3 2 5 155898 5 5 5
42 2 5 2 3 3 2 2 2 3 3 3 2 2 2 3 2 3 2 3 2 3 2 3 2 2 2 2 3 2 3 3 2 5 2 3 2 5 2 5 2 492123 2
42 5 2 3 2 5 2 3 5 2 3 2 3 5 2 3 2 3 2 3 2 2 5 2 3 2 2 2 2 3 2 5 5 2 3 2 5 2 5 2 492117 3 3
42 370267 5 3 3 3 2 2 3 2 2 5 2 3 2 3 2 5 2 2 2 2 2 5 5 2 3 2 2 3 2 5 5 5 5 2 2 5 2 3 2 3 5
42 3 2 492117 2 3 2 3 2 2 2 5 2 2 3 2 2 3 2 11 2 5 2 3 5 2 3 2 3 2 3 3 5 3 2 3 2 3 2 5 3 3 5
