1: Yes 1 2 | 3 4 | 5
2: Yes 1 2 | 3 | 4 5 1 2 3 4 | 5
3: Yes 1 2 3 4 5 1 2 3 4 5 1 | 2 | 3 4 | 5
4: Yes 1 2 | 3 | 4 5 1 2 3 4 | 5 | 1 2 | 3 | 4 5 1 2 3 4 | 5
5: Yes 1 2 | 3 | 4 5 1 2 3 4 | 5 | 1 2 | 3 | 4 5 1 2 3 4 | 5 | 1 2 | 3 4 | 5
6: Yes 1 2 | 3 | 4 5 1 2 3 4 | 5 | 1 2 | 3 | 4 5 1 2 3 4 | 5 | 1 2 | 3 | 4 5 1 2 3 4 | 5
7: Yes 1 2 | 3 | 4 5 1 2 3 4 | 5 | 1 2 | 3 | 4 5 1 2 3 4 | 5 | 1 2 | 3 | 4 5 1 2 3 4 | 5 | 1 2 | 3 4 | 5
8: Yes 1 2 3 4 5 1 2 3 4 5 1 2 3 4 5 1 2 3 4 5 1 | 2 | 3 | 4 5 1 2 3 4 | 5 | 1 2 | 3 | 4 5 1 2 3 4 | 5
9: Yes 1 2 | 3 | 4 5 1 2 3 4 | 5 | 1 2 | 3 | 4 5 1 2 3 4 | 5 | 1 2 | 3 | 4 5 1 2 3 4 | 5 | 1 2 | 3 | 4 5 1 2 3 4 | 5 | 1 2
10: Yes 5 | 5 | 5 | 5 | 2 | 3 | 3 | 2 | 5 | 5 | 3 | 3 | 5 | 3 | 5 | 3 | 5 | 3 | 2 | 3 | 3 | 5 | 2 | 3 | 5 | 11 | 2 | 5 | 2 | 5 | 3 | 2 | 2 | 2 | 2 | 5 | 3 | 3 598 | 2 | 2 | 3
11: Yes 2 360722 2 3 2 2 5 3 5 5 3 5 3 5 3 7 5 5 3 5 5 2 5 5 3 3 3 2 31 3 2 5 5 | 3 | 3 | 2 | 1046 2 3 | 5 | 3
12: Yes 5 | 3 | 2 | 5 | 2 | 5 | 3 | 2 | 2 | 482810 5 5 2 2 2 2 2 2 2 3 | 2 | 142578 3 2 3 5 | 2 | 3 | 2 | 3 | 2 | 3 | 291605 5 2 2 5 | 2 | 2 | 2 | 2 | 3
13: Yes 5 | 3 | 2 | 3 | 1040 3 5 5 2 2 5 5 2 | 5 | 3 | 3 | 2 | 3 | 3 | 2 | 2 | 3 | 5 | 2 | 2 | 2 | 5 | 2 | 3 | 3 189117 2 5
14: Yes 5 | 3 | 3 | 3 | 2 | 7 | 5 | 2 | 3 | 5 | 3 | 5 | 5 | 364590 3 5 10 2 2 2 3 3 5 3 31474 2 2 2 5 3 3 | 3 | 5 | 3 | 2 | 5
15: Yes 369072 3 3 31499 3 3 5 3 3 3 | 15617 5 2 2 2 342765 3 3 5 2 5 19500 | 2 | 2 | 2 | 3 | 3 | 2 | 2 | 5 | 2 | 5 | 5 3 5 293683 5 | 5 892 5 5
