1: No
2: No
3: Yes 1 1
4: Yes 1 1 1
5: Yes 1 1 | 1 1
6: Yes 1 1 1 1 1
7: No
8: Yes 4 4 4 4 3 | 4 4 4 4 3 | 4 4 4 4 3 | 4 4 4 4 3 | 4 4 4 4 3 | 4 4 4 4 3 | 4 4 4 4 3 | 4 4 4 4 3
9: Yes 4 4 3 | 3 | 3 4 4
10: Yes 23156 85678 1 110 75506 72934 82004 57460 3736 25808 28106 93972 46972 87746 58224 45396 84498 4474 35812 85676 73776 1 28784 81622 38768 82232 1 67890 66670 73068 82490 92746 78964 | 22512 48832 1 21524 78292 | 53580 25920 42766 1
11: Yes 2 5 5 2 5 3 3 2 5 2 2 2 2 3 2 3 2 3 2 3 2 3 3 2 2 3 5 5 2 3 2 2 3 2 2 3 2 5 155898 | 5 | 5 | 5
12: Yes 2 | 5 2 3 3 2 2 2 3 3 3 2 2 2 3 2 3 2 3 2 3 2 3 2 2 2 2 3 2 3 3 2 5 2 3 2 5 2 5 2 492123 | 2
13: Yes 5 | 2 3 2 5 2 3 5 2 3 2 3 5 2 3 2 3 2 3 2 2 5 2 3 2 2 2 2 3 2 5 5 2 3 2 5 2 5 2 492117 | 3 | 3
14: Yes 370267 5 3 3 3 2 2 3 2 2 5 2 3 2 3 2 5 2 2 2 2 2 5 5 2 3 2 2 3 2 5 5 5 5 2 2 5 2 3 2 3 | 5
15: Yes 3 | 2 492117 2 3 2 3 2 2 2 5 2 2 3 2 2 3 2 11 2 5 2 3 5 2 3 2 3 2 3 3 5 3 2 3 2 3 2 5 | 3 | 3 | 5
