12
5 1 2 3 4 42
7 1 2 3 4 5 6 7
5 37 4 3 2 1
8 1 2 3 4 5 6 7 8
8 8 1 2 3 4 5 6 7
1 2
2 3 4
41 1 1 1 1 1 1 1 1 1 1 1 1 1 1 1 1 1 1 1 1 1 1 1 1 1 1 1 1 1 1 1 1 1 1 1 1 1 1 1 1 16142
42 1 1 1 1 1 1 1 1 1 1 1 1 1 1 1 1 1 1 1 1 1 1 1 1 1 1 1 1 1 1 1 1 1 1 1 1 1 1 1 1 1 16142
41 492080 3 5 2 2 3 2 3 2 5 2 2 5 3 2 2 5 2 2 3 2 2 3 3 2 3 5 2 2 3 2 3 2 3 2 3 2 3 2 2 492175
42 3 2 3 2 2 5 2 3 2 5 5 2 2 3 2 2 2 3 2 2 3 2 2 5 2 5 2 3 2 2 5 2 5 2 2 5 3 2 2 370274 2 3
42 360637 3 2 2 3 2 3 2 3 2 5 2 5 2 2 5 2 2 3 2 3 2 5 2 3 2 5 2 5 3 5 5 3 3 3 2 5 2 3 2 3 370267
